4001 35003
4001 35006
4001 35031
4011 35017
4011 35023
4012 6025
4012 6065
4015 6071
4015 32003
4027 6025
6027 32003
6027 32003
6049 32031
6049 32031
6051 32009
6051 32009
6061 32005
6061 32005
6061 32510
6061 32510
6071 4012
6075 6001
6075 6001
6075 6041
6075 6041
6075 6081
6075 6081
8007 35039
8007 35045
8009 35059
8021 35039
8021 35055
8023 35007
8023 35055
8067 35045
8071 35007
8071 35059
8083 35045
9001 36079
9001 36119
9011 44009
9011 44009
9015 44003
9015 44003
9015 44007
9015 44007
11001 51013
11001 51510
16003 41001
16009 53075
16017 53063
16031 32007
16049 41063
16069 41063
16069 53003
16073 32007
16073 32013
16083 32007
16087 41045
17001 29127
17003 21007
17003 29133
17003 29201
17013 29113
17013 29183
17023 18153
17033 18083
17045 18167
17059 21225
17067 29045
17067 29111
17069 21055
17069 21139
17071 19111
17075 18007
17077 29157
17083 29183
17085 19097
17091 18111
17119 29183
17119 29510
17127 21145
17133 29099
17133 29186
17149 29163
17149 29173
17151 21139
17153 21007
17157 29157
17157 29186
17161 19139
17161 19163
17181 29031
17183 18165
17183 18171
17185 18051
17193 18129
17197 18089
18001 39107
18003 39125
18003 39161
18007 17183
18029 39061
18033 39039
18075 39037
18083 17101
18083 17185
18089 17031
18089 17091
18111 17075
18129 17059
18153 17033
18161 39017
18165 17045
18167 17023
18177 39135
19045 17015
19045 17161
19045 17195
19057 17071
19061 17085
19097 17015
19111 17067
19115 17131
21139 17127
21225 17069
23017 33003
23017 33007
23031 33017
24031 11001
24033 11001
25003 9005
25005 44001
25005 44005
25005 44007
25013 9003
25013 9005
25013 9013
25021 44007
25027 9013
25027 9015
25027 44007
26021 18091
26021 18141
26023 18087
26023 18151
26027 18039
26027 18141
26043 55037
26043 55075
26053 55125
26059 18151
26071 55037
26071 55041
26071 55125
26109 55075
26149 18039
26149 18087
29031 17003
29111 17001
29127 17149
29163 17013
29189 17133
29189 17163
29510 17163
32003 6071
32003 6071
32005 6003
32005 6003
32005 6017
32005 6017
32005 6051
32005 6051
32007 49045
32009 6027
32009 6027
32017 4015
32017 49001
32017 49021
32017 49053
32019 6051
32019 6051
32021 6051
32021 6051
32023 6027
32023 6027
32031 6035
32031 6035
32031 6057
32031 6057
32031 6061
32031 6061
32031 6091
32031 6091
32033 49023
32033 49027
33003 23031
33007 50009
33009 50017
33009 50027
33019 50025
35003 4011
35009 48369
35013 48141
35015 48109
35015 48301
35015 48389
35023 4003
35025 48003
35025 48165
35025 48301
35025 48495
35025 48501
35035 48109
35035 48141
35035 48229
35037 48117
35037 48359
35041 48017
35041 48079
35045 4001
35059 40025
35059 48111
35059 48205
36019 50007
36027 9001
36027 9005
36031 50001
36115 50003
39001 21135
39001 21161
39007 42039
39009 54107
39013 54051
39015 21023
39015 21161
39017 18047
39025 21023
39025 21037
39025 21191
39029 42007
39029 54029
39037 18135
39037 18177
39039 18003
39051 26059
39051 26059
39051 26091
39051 26091
39053 54011
39053 54053
39061 21015
39061 21037
39061 21117
39081 54009
39081 54069
39087 21019
39087 21089
39087 54011
39087 54099
39095 26091
39095 26091
39095 26115
39095 26115
39099 42073
39105 54035
39105 54053
39107 18075
39111 54095
39111 54103
39135 18161
39145 21089
39145 21135
39155 42085
39161 18001
39167 54073
39167 54095
39167 54107
39171 18033
39171 18151
39171 26059
39171 26059
41001 16087
41009 53011
41009 53011
41015 6015
41015 6015
41025 32013
41025 32013
41025 32031
41025 32031
41029 6093
41029 6093
41033 6015
41033 6015
41033 6093
41033 6093
41035 6049
41035 6049
41035 6093
41035 6093
41037 6049
41037 6049
41037 32031
41037 32031
41045 16027
41045 16073
41045 16075
41045 32013
41045 32013
41063 16003
42049 39007
42073 39029
44003 9011
44003 9011
48079 35025
48117 35009
48205 35037
49003 32007
49027 32017
49045 32033
50001 36115
50003 25003
50003 25011
50003 36083
50005 33009
50007 36031
50009 33009
50013 36019
50021 36115
50025 25011
50025 33005
50027 33019
53003 41063
53003 41063
53005 41049
53005 41049
53005 41059
53005 41059
53011 41051
53011 41051
53013 41059
53013 41059
53013 41063
53013 41063
53015 41009
53015 41009
53023 41063
53023 41063
53039 41021
53039 41021
53039 41027
53039 41027
53039 41049
53039 41049
53039 41055
53039 41055
53039 41065
53039 41065
53051 16017
53051 16021
53059 41027
53059 41027
53059 41051
53059 41051
53063 16009
53063 16055
53069 41009
53069 41009
53071 41059
53071 41059
53075 16057
53075 16069
54029 39081
54051 39111
54069 39013
54107 39105
55043 17085
55045 17177
55045 17201
55051 26053
55059 17097
55059 17111
55065 17085
55065 17177
55105 17007
55105 17201
55127 17007
55127 17111
