"Fips","Area","1964","1965","1966","1967","1968","1969","1970","1971","1972","1973","1974","1975","1976","1977","1978","1979","1980","1981","1982","1983","1984","1985","1986","1987","1988","1989","1990","1991","1992","1993","1994","1995","1996","1997"
"01","Alabama",283,302,258,226,252,307,293,356,418,651,532,621,683,541,710,801,542,866,840,673,894,864,832,907,1068,1255,1162,1385,1269,1261,1417,1117,1408,1371
"02","Alaska",2,2,3,2,3,2,3,3,5,3,4,5,5,6,7,6,7,6,9,11,13,13,17,18,18,15,17,16,16,17,21,19,23,25
"04","Arizona",197,214,175,203,245,257,231,266,290,383,548,388,514,513,577,734,743,799,660,481,765,767,727,899,992,993,987,1003,969,1008,901,1139,1172,1149
"05","Arkansas",439,408,450,363,417,445,514,511,625,1068,1127,1099,955,1015,1535,1461,892,1464,1220,825,1385,1254,1187,1261,1622,1578,1484,1536,1794,1504,2078,1833,2576,2364
"06","California",1864,1866,2009,1901,2206,2213,2228,2293,2877,4006,4626,4460,4560,4973,5277,6963,7256,7255,7433,6093,7825,8033,8134,9438,9426,10217,10938,9502,10889,11230,12342,11017,13172,13973
"08","Colorado",213,271,281,281,332,361,407,447,492,720,808,790,657,627,622,790,876,1000,854,857,1047,1046,930,882,996,1217,1534,1131,1248,1299,1169,1081,1373,1375
"09","Connecticut",77,87,93,79,88,90,95,95,98,116,117,116,123,110,119,125,123,139,161,145,191,197,213,209,218,222,269,231,275,274,280,225,239,233
"10","Delaware",33,43,36,43,39,61,44,48,60,114,100,116,106,76,87,90,46,85,122,117,151,169,203,173,234,273,219,197,182,167,204,154,202,173
"12","Florida",602,590,605,643,714,804,743,867,1038,1313,1279,1508,1471,1540,2019,2285,2283,2404,2638,2632,2850,3014,3081,3412,3778,4036,3443,3680,3997,3681,3709,3267,3852,3857
"13","Georgia",374,426,415,424,396,476,476,563,594,976,954,964,961,676,948,1114,640,1211,1426,1130,1640,1451,1434,1410,1620,1907,1824,2048,2121,1875,2533,2278,2739,2550
"15","Hawaii",111,119,126,119,125,122,129,133,145,170,195,241,185,181,202,250,382,261,289,312,312,302,347,340,335,340,366,303,297,273,281,249,277,284
"16","Idaho",208,300,260,281,268,342,362,363,447,669,834,675,649,572,689,728,896,1036,960,956,1018,969,860,952,1040,1391,1496,1234,1343,1488,1281,1294,1543,1323
"17","Illinois",917,1161,1300,1336,1142,1371,1252,1432,1553,2593,2590,3367,2817,2947,3026,3636,2486,3803,3011,1290,2877,3199,2504,2005,1496,3229,3084,2310,3178,2503,3528,1860,3885,3483
"18","Indiana",495,717,703,712,665,828,718,959,879,1716,1331,1741,1806,1476,1625,1826,1592,1760,1698,767,1872,1762,1448,1349,884,1778,1791,1162,1715,1577,1788,1207,2225,2129
"19","Iowa",1043,1371,1522,1410,1323,1592,1647,1530,1921,3351,2678,2956,2516,2747,3916,3828,3227,4488,3455,1980,3553,3559,3379,2871,2299,3647,3878,3328,4205,1990,4325,3186,5675,5043
"20","Kansas",422,504,542,514,511,615,754,876,1151,1848,1589,1465,1304,1225,1123,1916,1237,1752,1798,1272,1790,1878,1605,1704,1763,1783,2257,1878,2550,2109,2677,1829,2833,2645
"21","Kentucky",377,451,480,494,494,552,539,594,693,837,954,852,965,1065,1107,1328,1247,1742,1672,1034,1802,1560,1304,1346,1340,1695,1663,1649,1893,1624,1753,1288,1769,1819
"22","Louisiana",276,266,285,309,342,291,339,374,431,662,795,599,642,627,646,848,569,781,735,616,758,585,579,660,838,691,677,693,734,653,942,861,1186,912
"23","Maine",106,139,121,77,80,99,103,97,106,197,226,135,209,179,147,152,126,206,191,151,204,197,185,227,203,224,269,207,267,220,240,194,249,201
"24","Maryland",173,206,194,179,164,186,193,202,221,382,375,380,392,234,311,326,236,348,383,316,486,515,506,509,559,620,612,536,599,530,583,445,660,531
"25","Massachusetts",84,92,96,80,87,90,93,90,94,110,106,114,123,112,153,163,162,193,201,201,257,245,257,246,261,262,259,271,284,256,268,232,289,291
"26","Michigan",451,435,500,464,482,520,533,530,662,886,1009,987,928,1013,1097,1296,1343,1494,1389,1113,1414,1552,1266,1283,1219,1675,1587,1485,1511,1400,1418,1405,1513,1493
"27","Minnesota",623,847,935,899,913,967,1170,1146,1282,2627,2217,1987,1616,2388,2638,2742,2599,3040,2729,1723,3040,2825,2685,2733,1974,3169,3237,2550,2672,1155,2630,1940,3626,2569
"28","Mississippi",429,439,358,370,388,375,413,478,542,800,738,642,816,899,799,1135,692,978,999,567,1001,879,639,898,1010,845,837,930,952,789,1206,1051,1550,1401
"29","Missouri",488,659,567,595,652,633,721,826,954,1543,1156,1253,1128,1398,1697,2129,1343,1959,1558,916,1490,1754,1426,1413,1272,1619,1528,1399,1642,1162,1560,1126,2031,2021
"30","Montana",214,250,285,255,256,311,359,345,491,772,677,685,532,382,602,584,599,793,710,576,483,271,581,621,362,778,745,842,821,1030,792,763,771,704
"31","Nebraska",394,561,692,660,573,767,728,917,1035,1679,1326,1694,1322,1413,2008,2054,1555,2581,2146,1420,2360,2507,2076,1916,2483,2944,3309,3074,3451,2611,3304,2459,4331,3202
"32","Nevada",22,26,31,31,33,47,48,51,61,83,58,62,67,63,65,47,111,93,105,96,109,101,99,112,121,143,146,131,126,170,142,121,136,138
"33","New Hampshire",25,28,31,26,28,30,26,27,30,38,31,36,39,35,39,43,36,50,49,47,51,57,57,79,78,71,79,75,85,71,76,64,77,76
"34","New Jersey",132,148,151,140,139,146,146,143,145,197,213,194,208,194,225,236,228,287,297,284,326,367,364,397,383,407,388,369,397,412,476,413,484,430
"35","New Mexico",96,106,120,117,128,137,156,168,179,266,235,293,231,255,296,373,335,323,308,275,328,398,351,386,461,565,606,562,669,673,653,554,633,790
"36","New York",460,515,566,533,540,600,597,607,595,776,813,794,816,763,931,1163,1157,1339,1312,1105,1253,1286,1342,1370,1257,1457,1456,1275,1389,1352,1380,1150,1456,1124
"37","North Carolina",694,638,703,694,637,782,811,809,938,1431,1413,1431,1515,1213,1560,1395,1309,1814,1821,1305,1979,1846,1757,1625,1913,2230,2683,2871,2948,2974,3470,3101,3869,3746
"38","North Dakota",262,387,351,337,317,403,334,491,653,1620,1326,1235,852,671,1166,1175,501,1258,1150,876,1219,1199,979,980,261,912,1153,976,1487,969,1458,1059,1864,1008
"39","Ohio",519,568,702,597,653,668,722,749,841,1111,1346,1407,1445,1321,1457,1780,1589,1412,1481,943,1827,1807,1511,1400,1395,1895,2005,1508,1970,1597,2014,1636,2173,2534
"40","Oklahoma",272,355,334,337,303,370,451,445,560,1008,794,788,742,623,693,1338,1001,1164,1305,819,1056,1053,1128,1104,1334,1425,1419,1213,1441,1410,1514,1004,1103,1439
"41","Oregon",234,255,286,284,279,322,324,329,402,564,672,630,619,539,614,778,851,906,868,812,971,986,1053,1041,1199,1301,1304,1292,1374,1418,1462,1293,1578,1727
"42","Pennsylvania",396,420,418,494,457,520,559,535,576,776,807,828,928,870,1019,1258,1079,1395,1315,1098,1550,1605,1641,1625,1471,1813,1834,1600,1970,1773,1855,1475,2039,1730
"44","Rhode Island",10,11,12,9,11,11,12,11,12,13,14,15,15,13,15,15,16,17,34,36,42,55,57,56,55,50,48,46,46,44,43,37,41,28
"45","South Carolina",214,223,213,210,179,211,217,247,267,382,466,424,389,346,442,503,302,487,510,326,553,478,351,447,532,589,512,597,566,491,705,583,764,744
"46","South Dakota",272,379,438,421,423,442,468,522,656,1203,907,981,545,818,1049,1254,867,1249,1142,873,1348,1191,1066,1127,1008,1175,1499,1385,1623,1330,1754,1215,2137,1700
"47","Tennessee",332,358,345,315,326,362,383,417,481,699,611,589,737,642,741,864,766,1013,979,609,1008,892,747,791,825,870,936,986,1115,987,1131,958,956,1003
"48","Texas",1009,1162,1017,863,1033,1077,1299,1254,1574,2891,2147,2395,2411,2689,2422,3475,2410,3986,3112,2745,3408,3363,2871,3454,3808,3717,4816,4706,5017,5329,5445,4748,4726,5540
"49","Utah",64,81,84,96,96,105,113,117,133,194,171,157,169,152,179,230,212,222,233,201,239,248,262,289,347,361,408,371,436,441,391,328,375,405
"50","Vermont",62,64,76,67,73,80,86,90,102,111,103,112,128,108,143,167,169,200,201,168,175,194,190,218,207,219,212,193,261,207,229,187,246,207
"51","Virginia",297,300,262,301,285,317,329,327,402,545,537,524,510,406,567,530,468,745,649,493,793,718,728,800,940,1109,1156,1077,1173,965,1122,988,1098,957
"53","Washington",317,341,423,398,408,481,431,492,629,992,1078,1176,1027,858,1146,1274,1287,1505,1384,1403,1646,1416,1576,1622,1547,1908,1907,1951,2408,2501,2403,2288,3101,2576
"54","West Virginia",52,55,47,59,52,59,57,58,66,90,88,77,76,53,83,105,101,85,86,85,127,120,135,102,94,128,152,139,165,164,165,125,119,113
"55","Wisconsin",623,707,827,769,841,871,912,1011,1074,1360,1335,1474,1414,1825,2004,2533,2622,2711,2586,1995,2489,2504,2612,2555,1991,2775,2751,2336,2461,2007,2494,2030,2858,2423
"56","Wyoming",77,88,99,108,97,108,117,131,171,222,189,161,152,143,185,256,253,247,201,164,175,178,210,215,202,243,318,364,389,393,289,266,278,390
