"01000","Alabama",2047865,2060099,2097425,2158752,2180001,2241551,2275108,2321253,2370943,2388019,2399989,2369868,2369236,2380137,2440586,2504522,2564654,2633075,2610979,2511278,2495776
"02000","Alaska",338924,347156,350764,358161,363344,365083,369095,374498,381028,381232,392367,401252,405155,408502,417158,425003,434404,442225,445669,444750,447852
"04000","Arizona",1894104,1902691,1925190,2010588,2141302,2257829,2387542,2497166,2610870,2696787,2795770,2823452,2841538,2914131,3039930,3208243,3369783,3465578,3407829,3235139,3201494
"05000","Arkansas",1203622,1230169,1255030,1301238,1329036,1382418,1405330,1427163,1453311,1470837,1493267,1482678,1477823,1480228,1500992,1531355,1565130,1582366,1581061,1546305,1547248
"06000","California",16834516,16750052,16390983,16367123,16540726,16939793,17341996,17667117,18370580,18860138,19466162,19609703,19374351,19506145,19795120,20161425,20514148,20965534,20706409,19912099,19770765
"08000","Colorado",2039626,2086939,2134517,2233513,2345496,2424617,2519426,2629239,2731589,2815984,2926410,2941343,2910341,2905617,2954228,3031024,3101493,3211942,3250658,3166167,3155303
"09000","Connecticut",2003473,1923121,1903803,1924516,1906480,1943744,1974521,2000349,2027717,2057364,2095998,2108345,2116722,2113441,2139139,2168508,2199608,2243205,2254645,2194486,2180862
"10000","Delaware",420105,414316,413155,420651,424325,442453,452685,464460,481289,492793,503567,500267,501222,505878,519512,530211,540399,549028,549120,530325,528574
"11000","District of Columbia",773210,759367,752149,750378,729620,718487,703615,698730,702400,715254,737374,748355,759233,762534,774165,781648,791323,803456,810340,812538,825469
"12000","Florida",6740289,6717581,6762815,7002451,7234337,7494170,7739729,8005137,8297885,8566924,8841607,8917152,9055999,9286023,9661605,10087925,10407355,10577330,10324513,9908275,9866177
"13000","Georgia",3663988,3622035,3698046,3866163,4019921,4188040,4333367,4448701,4609859,4739088,4854298,4855532,4879238,4918455,5058407,5233899,5392604,5532258,5511942,5310309,5274086
"15000","Hawaii",724262,745447,746137,741780,736771,734039,733396,733761,736013,735163,756682,766227,758058,774603,797427,822245,843333,867871,862887,835567,832721
"16000","Idaho",548397,565996,585584,611603,646775,667062,688744,708388,734468,752088,781456,786203,790547,802096,826482,861500,904760,932650,924151,883822,877367
"17000","Illinois",6390424,6369012,6351074,6440520,6610811,6772862,6874745,6980621,7133343,7217837,7354515,7317418,7219812,7197501,7250420,7335894,7448480,7571715,7553822,7309882,7276338
"18000","Indiana",3069771,3071856,3120633,3197238,3287330,3379373,3418009,3476263,3545559,3598547,3647047,3588104,3547026,3547659,3586423,3626252,3665740,3715676,3679500,3522441,3534944
"19000","Iowa",1634995,1654110,1669175,1691565,1724805,1784926,1815405,1841110,1882845,1899249,1920708,1901032,1878163,1873980,1903639,1937357,1966163,1990712,1996510,1958361,1953129
"20000","Kansas",1473893,1489215,1501541,1524596,1551442,1600063,1632161,1676806,1723883,1738886,1757875,1770708,1748438,1737128,1746540,1760747,1794329,1844083,1860119,1816482,1805242
"21000","Kentucky",1906123,1903273,1949274,1992841,2034504,2109525,2141075,2188877,2228394,2271250,2313509,2282389,2269985,2281452,2309719,2343482,2380834,2420061,2410191,2336091,2341900
"22000","Louisiana",2005292,2030275,2038051,2085583,2125502,2193968,2238770,2289998,2338749,2354660,2385392,2382268,2403843,2427307,2443228,2415247,2432176,2528895,2576136,2556084,2548627
"23000","Maine",701002,677564,680841,691753,702752,704574,714237,727238,747472,762877,785319,790307,789459,794489,807703,810468,818814,830043,826745,805100,800692
"24000","Maryland",2737249,2662392,2635653,2658555,2705548,2765393,2806074,2870391,2925154,2990281,3065202,3106180,3142315,3180557,3240172,3308776,3368182,3439165,3434704,3365836,3364818
"25000","Massachusetts",3614703,3450717,3481815,3547680,3615952,3648939,3712827,3802454,3884883,3948929,4057959,4096218,4025691,3993191,4015738,4056052,4117311,4194623,4209768,4113976,4130436
"26000","Michigan",4790620,4721340,4751280,4811999,4984712,5141766,5247019,5329933,5380844,5475281,5586781,5489758,5453969,5430222,5454041,5480222,5468471,5456484,5327986,5040741,5040449
"27000","Minnesota",2691896,2717271,2762016,2816645,2903666,2994740,3056007,3109004,3180780,3248445,3317475,3332668,3327031,3340309,3383704,3446265,3491927,3535540,3524364,3424891,3420308
"28000","Mississippi",1202603,1210948,1233701,1286919,1334700,1365437,1389237,1415330,1452518,1476702,1481524,1449262,1455078,1453130,1471390,1485315,1511672,1544914,1541762,1497428,1493090
"29000","Missouri",2972034,2941610,2957212,3040852,3112827,3196160,3255268,3327521,3382792,3422641,3470477,3453629,3428624,3437951,3472891,3526364,3579117,3641832,3625330,3525007,3489759
"30000","Montana",433400,443734,455725,470150,494287,503532,519262,525616,536721,543829,554952,560432,568118,575259,588961,603388,622545,640633,641851,625726,623648
"31000","Nebraska",988048,992320,999204,1020980,1061466,1071231,1096704,1111371,1137728,1157760,1175618,1174749,1166832,1170832,1184064,1197727,1213146,1233860,1241317,1227166,1225667
"32000","Nevada",755587,768885,776291,818727,898349,952615,1023515,1088803,1131355,1196427,1250807,1270320,1296102,1349721,1438031,1530356,1606467,1650240,1621862,1518682,1494668
"33000","New Hampshire",642570,616340,628633,641906,665701,679441,695920,716703,739363,756309,777955,788798,786629,795951,810548,825020,834791,848118,844001,820822,817200
"34000","New Jersey",4309704,4172215,4170013,4197161,4231628,4296373,4351845,4412437,4488639,4550998,4712709,4741318,4776628,4814604,4894294,4980350,5059218,5121074,5120430,4991709,4962090
"35000","New Mexico",761396,784294,796829,825122,856994,898187,908725,922830,938675,942689,964673,968929,979946,999286,1023303,1046746,1076098,1100589,1103132,1070937,1064452
"36000","New York",9727348,9482658,9410147,9431043,9464935,9511472,9595379,9731825,9922869,10108586,10346129,10422202,10334385,10360965,10509161,10648866,10787589,11044506,11166653,10954351,10973106
"37000","North Carolina",3902373,3865529,3963816,4086843,4201049,4354641,4458978,4602983,4715648,4811767,4887145,4840564,4834365,4849313,4963074,5093408,5250753,5436636,5425100,5229204,5201605
"38000","North Dakota",373890,382218,387620,396886,411338,418075,425783,429892,436472,439055,443449,444566,442662,444496,453638,462680,472378,482132,491394,492655,502780
"39000","Ohio",5863015,5842457,5854116,5959798,6136451,6299654,6395002,6500115,6616077,6690985,6782014,6710695,6640830,6630434,6677697,6722669,6761906,6810557,6745551,6478941,6451236
"40000","Oklahoma",1654743,1668179,1680022,1715718,1748232,1799650,1849559,1896861,1946833,1962292,2002817,2009727,1979413,1965952,1988513,2031887,2091175,2144115,2186962,2140927,2135219
"41000","Oregon",1626385,1635517,1653649,1697791,1780620,1845372,1919606,1986426,2023619,2048688,2094825,2088698,2064780,2083820,2137067,2199828,2263610,2317876,2307058,2206095,2201451
"42000","Pennsylvania",6292542,6211669,6216278,6256367,6323071,6422943,6477294,6584830,6673726,6773542,6911969,6927482,6908759,6904326,6978825,7084194,7186095,7270927,7289272,7120222,7137155
"44000","Rhode Island",550468,523917,529175,533447,532959,536250,539724,545954,553557,564713,578198,581080,585018,591342,599975,604307,609775,615605,607209,587215,586837
"45000","South Carolina",1912747,1886170,1897465,1931459,1978983,2038053,2080349,2140786,2194685,2239869,2274642,2243659,2290017,2317117,2384003,2428172,2490555,2567147,2557139,2457616,2452425
"46000","South Dakota",409374,420472,431189,442481,464396,472046,479226,484646,493668,505253,515569,511524,510126,510290,519452,529475,540441,551069,559692,555014,556467
"47000","Tennessee",2777416,2777569,2837263,2942948,3061304,3144656,3194784,3269258,3353087,3408985,3471266,3433689,3425146,3450390,3529765,3597296,3666245,3727351,3692894,3543539,3541421
"48000","Texas",9242899,9403936,9482932,9780517,10098087,10439859,10737590,11165358,11570085,11800215,12151442,12211172,12263136,12358157,12616501,13012291,13500280,14024509,14388207,14229341,14285773
"49000","Utah",938218,960860,978690,1025991,1102315,1150220,1217605,1269877,1308757,1338209,1377859,1379705,1389821,1400938,1452584,1516532,1596933,1674854,1686378,1634833,1633794
"50000","Vermont",340784,334190,341722,349250,358528,361825,367074,372613,382633,390553,401138,404860,406906,408720,415436,420451,423778,429113,428265,418683,419703
"51000","Virginia",3699593,3641765,3657380,3730015,3813122,3902673,3983418,4081750,4155705,4246845,4373557,4410040,4403066,4452669,4574960,4693310,4771956,4866173,4872273,4766366,4764809
"53000","Washington",2842491,2877018,2906917,2950534,3059952,3101334,3192307,3298010,3378586,3441706,3522932,3519948,3479348,3509187,3581947,3683542,3796256,3924717,3959591,3826777,3793568
"54000","West Virginia",777862,778768,789331,801180,822271,838498,846837,858297,872756,871886,880154,877543,873468,870921,881469,893577,906983,920610,924194,905923,907301
"55000","Wisconsin",2814229,2840450,2893937,2949696,3040287,3119622,3170631,3225761,3281667,3346421,3404577,3387304,3394931,3415243,3468730,3510178,3551945,3586955,3577568,3454231,3445878
"56000","Wyoming",270832,277118,279892,284727,297590,300566,303695,306690,313121,316462,325674,330878,333771,336901,344343,355201,371472,390073,399767,388445,385721
