"01000","Alabama",1411234,1412928,1423459,1470523,1525967,1552266,1543312,1593952,1651033,1712582,1735879,1731866,1718783,1687466,1716798,1779584,1821588,1858269,1911569,1969768,2006365,2047865,2060099,2097425,2158752,2180001,2241551,2275108,2321253,2370943,2388019,2399989,2369868
"02000","Alaska",143816,149006,153071,158341,167102,188957,227185,242956,236928,237556,240753,243705,252409,277084,296628,309003,316394,309713,310140,316727,328641,338924,347156,350764,358161,363344,365083,369095,374498,381028,381232,392367,401252
"04000","Arizona",711344,746653,785731,849706,924890,955104,935070,976118,1047500,1149617,1240161,1282615,1312566,1315333,1378623,1504336,1621750,1700594,1764638,1833198,1864934,1894104,1902691,1925190,2010588,2141302,2257829,2387542,2497166,2610870,2696787,2795770,2823452
"05000","Arkansas",799917,805274,830624,867240,901673,927399,904885,941116,981263,1021156,1031309,1032439,1026248,1010727,1039399,1079236,1098411,1110294,1136620,1169911,1189148,1203622,1230169,1255030,1301238,1329036,1382418,1405330,1427163,1453311,1470837,1493267,1482678
"06000","California",9032738,9056897,9036074,9368468,9843939,10163089,10286346,10632968,11119255,11815943,12460727,12761964,12934966,12862887,13182024,13796979,14284987,14709924,15300048,16021804,16425903,16834516,16750052,16390983,16367123,16540726,16939793,17341996,17667117,18370580,18860138,19466162,19609703
"08000","Colorado",1001380,1031727,1071644,1149119,1243393,1275871,1285326,1339513,1410620,1506123,1592700,1650988,1716627,1759629,1788112,1883141,1915363,1913687,1902784,1968280,2002612,2039626,2086939,2134517,2233513,2345496,2424617,2519426,2629239,2731589,2815984,2926410,2941343
"09000","Connecticut",1417073,1414365,1388432,1416201,1480137,1511144,1467829,1492880,1546330,1615435,1673099,1705461,1726723,1725903,1743012,1823137,1879427,1937316,1984300,2039047,2032338,2003473,1923121,1903803,1924516,1906480,1943744,1974521,2000349,2027717,2057364,2095998,2108345
"10000","Delaware",270578,274587,280122,292813,304918,301531,292148,295771,296352,304289,311835,311674,313583,316546,325291,339928,356873,370177,386540,402702,414670,420105,414316,413155,420651,424325,442453,452685,464460,481289,492793,503567,500267
"11000","District of Columbia",676177,671811,666097,668350,661542,673254,676874,674179,679795,692709,704221,701074,688689,672653,667130,689259,702524,720831,733070,755799,762724,773210,759367,752149,750378,729620,718487,703615,698730,702400,715254,737374,748355
"12000","Florida",2856879,2966065,3082056,3338247,3666224,3765563,3675506,3729843,3928975,4239000,4454247,4687521,4865374,4953566,5166943,5501658,5771943,6015226,6093623,6390284,6596287,6740289,6717581,6762815,7002451,7234337,7494170,7739729,8005137,8297885,8566924,8841607,8917152
"13000","Georgia",2119105,2120778,2167432,2253001,2355871,2374130,2312736,2399502,2502692,2620828,2700081,2740686,2776006,2793013,2876795,3067584,3206760,3334829,3432866,3544762,3608204,3663988,3622035,3698046,3866163,4019921,4188040,4333367,4448701,4609859,4739088,4854298,4855532
"15000","Hawaii",415912,433555,436830,452960,473087,485226,499203,504799,509265,527519,556339,574554,567762,566510,576830,582402,597946,611862,642686,668691,696362,724262,745447,746137,741780,736771,734039,733396,733761,736013,735163,756682,766227
"16000","Idaho",315337,324150,332158,346866,365091,381309,393178,419224,434655,459904,468736,464365,461501,451633,462543,472247,473734,473569,487369,508352,524961,548397,565996,585584,611603,646775,667062,688744,708388,734468,752088,781456,786203
"17000","Illinois",5179110,5143772,5104451,5155439,5350502,5441434,5341907,5457695,5586832,5747599,5803277,5675371,5663887,5562767,5520248,5717923,5780043,5891733,6031396,6187499,6293665,6390424,6369012,6351074,6440520,6610811,6772862,6874745,6980621,7133343,7217837,7354515,7317418
"18000","Indiana",2326793,2290880,2289961,2366852,2483157,2492502,2404608,2488953,2578127,2669582,2708261,2626041,2602712,2522205,2542022,2642451,2695475,2755432,2849065,2935238,3010334,3069771,3071856,3120633,3197238,3287330,3379373,3418009,3476263,3545559,3598547,3647047,3588104
"19000","Iowa",1289307,1294601,1297368,1316204,1374443,1406738,1406934,1454869,1487748,1512816,1553843,1536822,1507346,1470793,1474129,1499477,1495071,1493527,1514302,1556965,1600251,1634995,1654110,1669175,1691565,1724805,1784926,1815405,1841110,1882845,1899249,1920708,1901032
"20000","Kansas",1029008,1017405,1022401,1047978,1090098,1122386,1132564,1168805,1207714,1251626,1296018,1309091,1321825,1306229,1322987,1364715,1367826,1368245,1420601,1431826,1453867,1473893,1489215,1501541,1524596,1551442,1600063,1632161,1676806,1723883,1738886,1757875,1770708
"21000","Kentucky",1331869,1336200,1359677,1391733,1460918,1495502,1464686,1522537,1578785,1644520,1665068,1642192,1634370,1615586,1624234,1676458,1698090,1733268,1765189,1815845,1865111,1906123,1903273,1949274,1992841,2034504,2109525,2141075,2188877,2228394,2271250,2313509,2282389
"22000","Louisiana",1440191,1429432,1445103,1488438,1550215,1598024,1640816,1702082,1755715,1848757,1896880,1963831,2029903,2022903,1984423,2023412,2009206,1928226,1903658,1935327,1952815,2005292,2030275,2038051,2085583,2125502,2193968,2238770,2289998,2338749,2354660,2385392,2382268
"23000","Maine",443449,445896,443290,452555,470180,477672,475256,497868,512788,531154,544802,552745,551487,553311,565243,587454,606390,630438,652556,686290,701652,701002,677564,680841,691753,702752,704574,714237,727238,747472,762877,785319,790307
"24000","Maryland",1679355,1702298,1728598,1781187,1846490,1867792,1845601,1865565,1918925,2003857,2059469,2070441,2095422,2083585,2151035,2242630,2342002,2427570,2553099,2647475,2703904,2737249,2662392,2635653,2658555,2705548,2765393,2806074,2870391,2925154,2990281,3065202,3106180
"25000","Massachusetts",2678959,2679010,2643820,2696668,2786670,2811480,2727603,2755729,2833405,2957517,3073593,3133686,3141874,3143386,3215449,3402387,3509658,3604577,3632415,3739313,3710110,3614703,3450717,3481815,3547680,3615952,3648939,3712827,3802454,3884883,3948929,4057959,4096218
"26000","Michigan",3639946,3558466,3570770,3686984,3857800,3853663,3694690,3843552,4015637,4186324,4228172,4029904,3978474,3823220,3866320,4040112,4233369,4348837,4482585,4581562,4709207,4790620,4721340,4751280,4811999,4984712,5141766,5247019,5329933,5380844,5475281,5586781,5489758
"27000","Minnesota",1690875,1698995,1706080,1780093,1877806,1921458,1920410,1976597,2033789,2121891,2217688,2248180,2232802,2192337,2219348,2324144,2385204,2417493,2509308,2580304,2633745,2691896,2717271,2762016,2816645,2903666,2994740,3056007,3109004,3180780,3248445,3317475,3332668
"28000","Mississippi",908677,916796,938968,978740,1019427,1031293,1000814,1038827,1070753,1100550,1114375,1111313,1106596,1079218,1087581,1117040,1123930,1130753,1141343,1169037,1188891,1202603,1210948,1233701,1286919,1334700,1365437,1389237,1415330,1452518,1476702,1481524,1449262
"29000","Missouri",2215957,2203183,2200169,2241522,2324587,2341199,2290969,2364844,2423645,2512045,2575855,2548593,2539840,2516292,2561760,2667168,2737724,2800791,2836153,2885020,2938314,2972034,2941610,2957212,3040852,3112827,3196160,3255268,3327521,3382792,3422641,3470477,3453629
"30000","Montana",297954,301051,307216,319267,332623,343949,344226,359122,371699,390065,396111,392880,394759,390752,398497,407961,406393,402177,405938,415921,423726,433400,443734,455725,470150,494287,503532,519262,525616,536721,543829,554952,560432
"31000","Nebraska",703747,715204,728277,747678,774584,793125,789876,811421,831023,854384,875515,876861,871447,860736,867419,885647,897918,897767,924608,947439,964656,988048,992320,999204,1020980,1061466,1071231,1096704,1111371,1137728,1157760,1175618,1174749
"32000","Nevada",243701,256145,267191,280037,304048,317204,326497,348995,383713,432318,467774,488627,500187,493889,498533,523336,545389,570484,615830,661700,709928,755587,768885,776291,818727,898349,952615,1023515,1088803,1131355,1196427,1250807,1270320
"33000","New Hampshire",334070,333695,336311,349678,374038,380712,370436,393755,418419,445596,467512,481610,491780,498144,517638,553158,585708,617430,634718,659854,659566,642570,616340,628633,641906,665701,679441,695920,716703,739363,756309,777955,788798
"34000","New Jersey",3061493,3124572,3119402,3184143,3288124,3300540,3190693,3248286,3325139,3464561,3551507,3600866,3630962,3638914,3739129,3914206,4025613,4121635,4219864,4316583,4351212,4309704,4172215,4170013,4197161,4231628,4296373,4351845,4412437,4488639,4550998,4712709,4741318
"35000","New Mexico",394799,398899,416073,440381,460680,478009,490785,512389,538969,568233,592146,597040,610846,619089,631355,655141,674150,679909,698586,733303,748614,761396,784294,796829,825122,856994,898187,908725,922830,938675,942689,964673,968929
"36000","New York",8494052,8465868,8345341,8348261,8465363,8392017,8172219,8125400,8198948,8384019,8580543,8602022,8665868,8672716,8729621,9002728,9227207,9424256,9471509,9684192,9752014,9727348,9482658,9410147,9431043,9464935,9511472,9595379,9731825,9922869,10108586,10346129,10422202
"37000","North Carolina",2457997,2468524,2490307,2602097,2719564,2743165,2647462,2753858,2850596,2945933,3045787,3052458,3072289,3041512,3128522,3292313,3392276,3493724,3610298,3750988,3838492,3902373,3865529,3963816,4086843,4201049,4354641,4458978,4602983,4715648,4811767,4887145,4840564
"38000","North Dakota",273930,281458,283811,288138,300252,308009,313546,325944,330976,345094,353425,354848,358792,359534,365143,366419,363513,357386,362692,366327,370189,373890,382218,387620,396886,411338,418075,425783,429892,436472,439055,443449,444566
"39000","Ohio",4695425,4682839,4626586,4709749,4902170,4964402,4809410,4889405,5034481,5205914,5290874,5204114,5134527,4966522,4960461,5160451,5287261,5400592,5547914,5682276,5802511,5863015,5842457,5854116,5959798,6136451,6299654,6395002,6500115,6616077,6690985,6782014,6710695
"40000","Oklahoma",1107254,1119772,1132251,1183090,1220988,1255780,1268539,1305470,1359195,1428087,1481253,1547367,1625130,1673226,1637587,1665397,1647651,1588059,1598762,1608236,1622640,1654743,1668179,1680022,1715718,1748232,1799650,1849559,1896861,1946833,1962292,2002817,2009727
"41000","Oregon",920183,925933,950552,1001074,1058290,1089196,1105316,1156014,1222672,1296308,1349641,1349543,1319241,1269532,1295260,1341925,1370436,1405810,1454698,1521518,1574429,1626385,1635517,1653649,1697791,1780620,1845372,1919606,1986426,2023619,2048688,2094825,2088698
"42000","Pennsylvania",5249940,5226036,5159316,5246647,5401982,5419058,5302386,5353339,5429193,5561889,5663533,5624462,5583974,5473792,5432690,5577004,5679261,5772102,5956959,6119812,6216055,6292542,6211669,6216278,6256367,6323071,6422943,6477294,6584830,6673726,6773542,6911969,6927482
"44000","Rhode Island",440080,440434,436230,447168,452029,439492,423718,442018,459260,474204,483338,484272,483652,474725,480235,503670,518775,536778,546024,559738,560370,550468,523917,529175,533447,532959,536250,539724,545954,553557,564713,578198,581080
"45000","South Carolina",1170440,1195991,1214524,1261975,1327545,1364918,1326160,1376441,1411204,1466342,1507001,1523489,1536244,1513855,1547496,1624992,1655111,1697186,1738122,1809013,1858308,1912747,1886170,1897465,1931459,1978983,2038053,2080349,2140786,2194685,2239869,2274642,2243659
"46000","South Dakota",303105,304839,306132,309069,322850,326414,326343,335977,342003,354884,359364,352638,347563,344303,352537,362378,364778,366030,381298,387779,395870,409374,420472,431189,442481,464396,472046,479226,484646,493668,505253,515569,511524
"47000","Tennessee",1788719,1784919,1816596,1923756,2024714,2054692,1983267,2052396,2135018,2227104,2278894,2259204,2255061,2217235,2239467,2343854,2398866,2477304,2577879,2663338,2734816,2777416,2777569,2837263,2942948,3061304,3144656,3194784,3269258,3353087,3408985,3471266,3433689
"48000","Texas",5005193,5045435,5123138,5333823,5608047,5822056,5938330,6206757,6520814,6900142,7214707,7495945,7900274,8074282,8064275,8433673,8673542,8514204,8723023,8880181,9005310,9242899,9403936,9482932,9780517,10098087,10439859,10737590,11165358,11570085,11800215,12151442,12211172
"49000","Utah",443665,454612,466945,494083,522552,544692,552699,580312,612694,651311,677997,687159,696877,706930,719110,761202,788568,801192,830377,865051,897166,938218,960860,978690,1025991,1102315,1150220,1217605,1269877,1308757,1338209,1377859,1379705
"50000","Vermont",202578,205015,205729,211203,219986,222240,220329,228487,236484,251752,260666,265617,269991,271068,277388,288739,300062,311372,320497,334186,341223,340784,334190,341722,349250,358528,361825,367074,372613,382633,390553,401138,404860
"51000","Virginia",2147852,2157657,2196371,2263423,2384496,2450799,2425437,2501192,2584568,2697755,2767118,2796505,2811756,2823682,2896818,3041492,3181471,3316133,3479609,3558017,3655230,3699593,3641765,3657380,3730015,3813122,3902673,3983418,4081750,4155705,4246845,4373557,4410040
"53000","Washington",1538783,1491143,1456722,1480987,1558344,1621514,1658770,1738939,1815067,1938600,2057909,2104574,2118874,2093972,2140060,2213531,2277144,2351448,2470016,2599556,2717905,2842491,2877018,2906917,2950534,3059952,3101334,3192307,3298010,3378586,3441706,3522932,3519948
"54000","West Virginia",651782,659514,669717,683606,699804,711453,717096,739036,757752,780911,790391,782029,761627,740403,721543,732296,731881,731131,738242,750513,757104,777862,778768,789331,801180,822271,838498,846837,858297,872756,871886,880154,877543
"55000","Wisconsin",1943518,1953931,1957393,2014337,2116012,2158611,2147925,2211407,2293198,2380482,2460477,2442970,2415039,2372990,2375985,2466771,2495453,2537323,2604573,2683663,2740050,2814229,2840450,2893937,2949696,3040287,3119622,3170631,3225761,3281667,3346421,3404577,3387304
"56000","Wyoming",157954,159384,164883,172302,182288,193767,202679,214096,230589,249813,266229,278978,289465,286715,274024,275951,276585,263687,258441,263690,265401,270832,277118,279892,284727,297590,300566,303695,306690,313121,316462,325674,330878
